<class 'dict'>: {'enc_input': <tf.Tensor: id=121, shape=(4, 418), dtype=int32, numpy=
array([[    0,   387,   387,     0,   938,   532,  1173,   334,   342,
          532,    25,    34,     9,    46,   122,     7,     5,    22,
            8,     5,   162,     6,    25,    34,     9,     8,     5,
          334,   342,   532,     7,     5,    22,     8,   298,     9,
          532,   587,     6,    11,     8,     5,    37,     7,     5,
           22,     8,     5,    11,   334,    33,  1173,   590,    49,
          181,    53,     7,     5,    16,    27,     7,     5,    19,
           61,    10,    32,     6,   684,    11,    15,     8,     5,
          102,   585,     9,  1909,   297,    14,   516,  1173,     6,
          112,     7,     5,    10,   808,  1173,    17,     8,     5,
           10,     6, 24415,     7,     5,    22,     8,     5,    12,
          559,    23,    10,   829,     8,    10,   295,    43,   479,
            0,    53,  5149,   342,    34,     9,   173,   137,    56,
          540,   792,  5572,     9,    64,    96,   111,    14,    16,
          128,  1134,    38,     8,  2326,     7,     5,    22,     7,
            5,    22,     1,     1,     1,     1,     1,     1,     1,
            1,     1,     1,     1,     1,     1,     1,     1,     1,
            1,     1,     1,     1,     1,     1,     1,     1,     1,
            1,     1,     1,     1,     1,     1,     1,     1,     1,
            1,     1,     1,     1,     1,     1,     1,     1,     1,
            1,     1,     1,     1,     1,     1,     1,     1,     1,
            1,     1,     1,     1,     1,     1,     1,     1,     1,
            1,     1,     1,     1,     1,     1,     1,     1,     1,
            1,     1,     1,     1,     1,     1,     1,     1,     1,
            1,     1,     1,     1,     1,     1,     1,     1,     1,
            1,     1,     1,     1,     1,     1,     1,     1,     1,
            1,     1,     1,     1,     1,     1,     1,     1,     1,
            1,     1,     1,     1,     1,     1,     1,     1,     1,
            1,     1,     1,     1,     1,     1,     1,     1,     1,
            1,     1,     1,     1,     1,     1,     1,     1,     1,
            1,     1,     1,     1,     1,     1,     1,     1,     1,
            1,     1,     1,     1,     1,     1,     1,     1,     1,
            1,     1,     1,     1,     1,     1,     1,     1,     1,
            1,     1,     1,     1,     1,     1,     1,     1,     1,
            1,     1,     1,     1,     1,     1,     1,     1,     1,
            1,     1,     1,     1,     1,     1,     1,     1,     1,
            1,     1,     1,     1,     1,     1,     1,     1,     1,
            1,     1,     1,     1,     1,     1,     1,     1,     1,
            1,     1,     1,     1,     1,     1,     1,     1,     1,
            1,     1,     1,     1,     1,     1,     1,     1,     1,
            1,     1,     1,     1,     1,     1,     1,     1,     1,
            1,     1,     1,     1,     1,     1,     1,     1,     1,
            1,     1,     1,     1,     1,     1,     1,     1,     1,
            1,     1,     1,     1,     1,     1,     1,     1,     1,
            1,     1,     1,     1,     1,     1,     1,     1,     1,
            1,     1,     1,     1,     1,     1,     1,     1,     1,
            1,     1,     1,     1],
       [    0,   387,   387,     0,   938,   387,     0,   503,   307,
          477,  1867,     7,     5,    19,    13,    75,    58,   158,
           26,   490,     8,     5,    11,     7,  3672,    28,     8,
            5,    30,   222,   267,    26,   170,   172,    10,   794,
          231,   927,    64,   137,    20,    26,    30,    94,   231,
          157,    29,  9982,     6,    26,    10,   483,    13,    26,
            8,     5,  1148,   202,     8,     5,   172,    37,     0,
          240,     7,     5,    22,     8,     5,    13,    59,    30,
            6,   157,   794,   927,    11,   187,   554,    17,     7,
            5,    22,     8,     5,    82,    33,   483,   104,   503,
          307, 29880, 34423,    59,  1485,   797,    59,  1668,   797,
           59,  7109,  1358,     7,     5,    22,     8,     5,    61,
          518,   324,    38,   266,    52,     6,  1662,    26,    11,
          187,   191,    53,     7,     5,    22,     8,     5,    13,
           11,   401,   158,   294,  2236,    17,     7,     5,    22,
            8,     5,    55,     7,     5,    16,   151,     1,     1,
            1,     1,     1,     1,     1,     1,     1,     1,     1,
            1,     1,     1,     1,     1,     1,     1,     1,     1,
            1,     1,     1,     1,     1,     1,     1,     1,     1,
            1,     1,     1,     1,     1,     1,     1,     1,     1,
            1,     1,     1,     1,     1,     1,     1,     1,     1,
            1,     1,     1,     1,     1,     1,     1,     1,     1,
            1,     1,     1,     1,     1,     1,     1,     1,     1,
            1,     1,     1,     1,     1,     1,     1,     1,     1,
            1,     1,     1,     1,     1,     1,     1,     1,     1,
            1,     1,     1,     1,     1,     1,     1,     1,     1,
            1,     1,     1,     1,     1,     1,     1,     1,     1,
            1,     1,     1,     1,     1,     1,     1,     1,     1,
            1,     1,     1,     1,     1,     1,     1,     1,     1,
            1,     1,     1,     1,     1,     1,     1,     1,     1,
            1,     1,     1,     1,     1,     1,     1,     1,     1,
            1,     1,     1,     1,     1,     1,     1,     1,     1,
            1,     1,     1,     1,     1,     1,     1,     1,     1,
            1,     1,     1,     1,     1,     1,     1,     1,     1,
            1,     1,     1,     1,     1,     1,     1,     1,     1,
            1,     1,     1,     1,     1,     1,     1,     1,     1,
            1,     1,     1,     1,     1,     1,     1,     1,     1,
            1,     1,     1,     1,     1,     1,     1,     1,     1,
            1,     1,     1,     1,     1,     1,     1,     1,     1,
            1,     1,     1,     1,     1,     1,     1,     1,     1,
            1,     1,     1,     1,     1,     1,     1,     1,     1,
            1,     1,     1,     1,     1,     1,     1,     1,     1,
            1,     1,     1,     1,     1,     1,     1,     1,     1,
            1,     1,     1,     1,     1,     1,     1,     1,     1,
            1,     1,     1,     1,     1,     1,     1,     1,     1,
            1,     1,     1,     1,     1,     1,     1,     1,     1,
            1,     1,     1,     1],
       [    0,   223,   223,     0,   791,  1811,   167,   223,     0,
          132,  1353,   498,   820,  1515,     0,    69,   903,   525,
         1176,     0,   101,  7507,   125,  1012,   188,    36,   305,
        22618,  1668,   525,   790,  1780,   991,    32,    69,   105,
            0,   790,  1742,   789,    74,  1918,  1705,   132,   791,
            0,   903,   525,  1176,    23,    11,  1780,   991,    61,
           10,    31,    39,   208,     6,    15,     7,     5,    24,
          305,   180,  1419,  1688,    30,     0,    10,    53,   127,
          230,  1589,   113,   230,   206,   188,    75,  7507,    90,
           69,  1487,  1176,    77,   438,    57,    36,  2215,    90,
            8,     5,   224,     0,    57,     0, 41856,    20,     0,
          154,     0,    11,     0,   154,     0,    11,   529,   211,
           10,   125, 26730,  1919,  6095,   202,  1644,   535,     0,
          154,     0,    11,  1780,   991,  5790,    78,     0,   154,
            0,  1780,   991,  1706,     7,     5,  1322,    49,    56,
           69,  1794,   438,    57,  1044,  2215,  1829,   647,    69,
         2191,  1598,  3231,   677,    69,   803,    82,   812,    74,
         4915,  3841,    15,     6,     8,     5,   677,    69,   803,
           10,  1142,   242,    17,     8,     5,    82,   161,    15,
           33,   535,    78,   456,    21,     0,   402,  1091,  1896,
          130,   124,   101,    35,   701,    28,     8,     5,   689,
          647,    69,  2191,  1598,     7,     5,   127,   224,   994,
            6,  1220,    53,    11,    68,   803,    15,    23,    11,
           68,  4915,  3841,  6011,   306,  1523,     9,    27,   439,
           58,   647,    69,  2191,  1598,   677,    69,   803,     7,
          298,    69,  3399,  7185,  2633,    43,    69,   105,   942,
          587,   333,     6,    34,     9,    43,     8,     5,    20,
         2633,   333,    34,     9,     8,     5,  3841,   306,    63,
         1935, 13117,   305, 22618,  1668,   525,  1176,    14,    20,
         1780,   991,    90,     7,     5,    59,   257,   127,   224,
          994,     6,  1220,    34,     9,   105,    23,    27,    23,
           27,  4138,     8,     5,    43,  1016,   222,    14,   111,
          776,    11,  1780,   133,    34,     6,   105,     7,     5,
         1016,   222,    23,    10,   525,  1780,    46,   125,    23,
           11,  1780,     8,     5,   335,   903,   525,  1176,  1780,
         1016,   917,   125,    25,    43,    15,     7,     5,    94,
          108,     9,   511,    46,   803,    15,   931,   382,     6,
           15,   931,    38,    58,   966,     6,     8,     5,  5031,
          183,     8,     5,    12,   628, 11023,     9,    60,   305,
         1217,     0,    23,    10,   111,    87,  1394,     7,     5,
           40,    10,    11,   199,    45,    10,    36,     6,   145,
          225,   405,    23,    10,    17,     8,     5,  1766,   225,
          145,    63,  1780,   991,   626,    20,     8,     5,    33,
         1766,  2522,   145,   903,   525,  1176,   626,   124,   332,
         1780,   991,     7,     5,    40,    10,   111,   125,    20,
         1780,    72,    20,    15,     8,     5,   118,   118,    55,
            7,     5,    16,   151],
       [    0,     0,  5453,     0,    30,   416,    21,    31,   114,
           11,   659,   244,     7,     5,  1105,   441,  2590,  1293,
           81,  2323,    69,     8,     5,    37,     8,     5,    87,
           13,     8,     5,    13,   416,    16,    59,     8,     5,
           37,     7,     5,    19,     0,   478,   201, 13119,    59,
          802,   254,    59,     9,    93,     8,     5,    19,    75,
           37,     7,     5,  5747,     6,    41,     8,     5,   629,
          132,   550,  5453,     7,     5,   107,   522,   760,  1293,
           81,     8,     5,    75,    37, 14739,  9014,     8,     5,
           49,   311,   150,    31,     8,     5,     7,     5,   311,
          150,     8,     5,    25,    51,     9,  1696,    80,     7,
            5,    37,     8,     5,    37,     8,     5,    13,    30,
           79,    38,    12,     6,    16,   122,     7,     5,    19,
           10,  1350,    46,   126,     7,     7,     5,  1143,    46,
          163,   567,     8,     5,  2844,   254,    12,   203,     6,
           41,  3130,    49,    44,     7,     5,    19,    49,   192,
          126,  1166,    88,  1380, 17949,     6,   471,     7,     5,
           27,    56,  3786,   219,     8,     5,   192,     9,   633,
        17949,     6,   304,    19,     5,     6,   192,   332,     8,
            5,   148,    23,    16,   128,    21,   208,     1,     1,
            1,     1,     1,     1,     1,     1,     1,     1,     1,
            1,     1,     1,     1,     1,     1,     1,     1,     1,
            1,     1,     1,     1,     1,     1,     1,     1,     1,
            1,     1,     1,     1,     1,     1,     1,     1,     1,
            1,     1,     1,     1,     1,     1,     1,     1,     1,
            1,     1,     1,     1,     1,     1,     1,     1,     1,
            1,     1,     1,     1,     1,     1,     1,     1,     1,
            1,     1,     1,     1,     1,     1,     1,     1,     1,
            1,     1,     1,     1,     1,     1,     1,     1,     1,
            1,     1,     1,     1,     1,     1,     1,     1,     1,
            1,     1,     1,     1,     1,     1,     1,     1,     1,
            1,     1,     1,     1,     1,     1,     1,     1,     1,
            1,     1,     1,     1,     1,     1,     1,     1,     1,
            1,     1,     1,     1,     1,     1,     1,     1,     1,
            1,     1,     1,     1,     1,     1,     1,     1,     1,
            1,     1,     1,     1,     1,     1,     1,     1,     1,
            1,     1,     1,     1,     1,     1,     1,     1,     1,
            1,     1,     1,     1,     1,     1,     1,     1,     1,
            1,     1,     1,     1,     1,     1,     1,     1,     1,
            1,     1,     1,     1,     1,     1,     1,     1,     1,
            1,     1,     1,     1,     1,     1,     1,     1,     1,
            1,     1,     1,     1,     1,     1,     1,     1,     1,
            1,     1,     1,     1,     1,     1,     1,     1,     1,
            1,     1,     1,     1,     1,     1,     1,     1,     1,
            1,     1,     1,     1,     1,     1,     1,     1,     1,
            1,     1,     1,     1,     1,     1,     1,     1,     1,
            1,     1,     1,     1]])>, 'extended_enc_input': <tf.Tensor: id=123, shape=(4, 418), dtype=int32, numpy=
array([[50000,   387,   387, 50001,   938,   532,  1173,   334,   342,
          532,    25,    34,     9,    46,   122,     7,     5,    22,
            8,     5,   162,     6,    25,    34,     9,     8,     5,
          334,   342,   532,     7,     5,    22,     8,   298,     9,
          532,   587,     6,    11,     8,     5,    37,     7,     5,
           22,     8,     5,    11,   334,    33,  1173,   590,    49,
          181,    53,     7,     5,    16,    27,     7,     5,    19,
           61,    10,    32,     6,   684,    11,    15,     8,     5,
          102,   585,     9,  1909,   297,    14,   516,  1173,     6,
          112,     7,     5,    10,   808,  1173,    17,     8,     5,
           10,     6, 24415,     7,     5,    22,     8,     5,    12,
          559,    23,    10,   829,     8,    10,   295,    43,   479,
        50002,    53,  5149,   342,    34,     9,   173,   137,    56,
          540,   792,  5572,     9,    64,    96,   111,    14,    16,
          128,  1134,    38,     8,  2326,     7,     5,    22,     7,
            5,    22,     1,     1,     1,     1,     1,     1,     1,
            1,     1,     1,     1,     1,     1,     1,     1,     1,
            1,     1,     1,     1,     1,     1,     1,     1,     1,
            1,     1,     1,     1,     1,     1,     1,     1,     1,
            1,     1,     1,     1,     1,     1,     1,     1,     1,
            1,     1,     1,     1,     1,     1,     1,     1,     1,
            1,     1,     1,     1,     1,     1,     1,     1,     1,
            1,     1,     1,     1,     1,     1,     1,     1,     1,
            1,     1,     1,     1,     1,     1,     1,     1,     1,
            1,     1,     1,     1,     1,     1,     1,     1,     1,
            1,     1,     1,     1,     1,     1,     1,     1,     1,
            1,     1,     1,     1,     1,     1,     1,     1,     1,
            1,     1,     1,     1,     1,     1,     1,     1,     1,
            1,     1,     1,     1,     1,     1,     1,     1,     1,
            1,     1,     1,     1,     1,     1,     1,     1,     1,
            1,     1,     1,     1,     1,     1,     1,     1,     1,
            1,     1,     1,     1,     1,     1,     1,     1,     1,
            1,     1,     1,     1,     1,     1,     1,     1,     1,
            1,     1,     1,     1,     1,     1,     1,     1,     1,
            1,     1,     1,     1,     1,     1,     1,     1,     1,
            1,     1,     1,     1,     1,     1,     1,     1,     1,
            1,     1,     1,     1,     1,     1,     1,     1,     1,
            1,     1,     1,     1,     1,     1,     1,     1,     1,
            1,     1,     1,     1,     1,     1,     1,     1,     1,
            1,     1,     1,     1,     1,     1,     1,     1,     1,
            1,     1,     1,     1,     1,     1,     1,     1,     1,
            1,     1,     1,     1,     1,     1,     1,     1,     1,
            1,     1,     1,     1,     1,     1,     1,     1,     1,
            1,     1,     1,     1,     1,     1,     1,     1,     1,
            1,     1,     1,     1,     1,     1,     1,     1,     1,
            1,     1,     1,     1,     1,     1,     1,     1,     1,
            1,     1,     1,     1],
       [50000,   387,   387, 50001,   938,   387, 50002,   503,   307,
          477,  1867,     7,     5,    19,    13,    75,    58,   158,
           26,   490,     8,     5,    11,     7,  3672,    28,     8,
            5,    30,   222,   267,    26,   170,   172,    10,   794,
          231,   927,    64,   137,    20,    26,    30,    94,   231,
          157,    29,  9982,     6,    26,    10,   483,    13,    26,
            8,     5,  1148,   202,     8,     5,   172,    37, 50003,
          240,     7,     5,    22,     8,     5,    13,    59,    30,
            6,   157,   794,   927,    11,   187,   554,    17,     7,
            5,    22,     8,     5,    82,    33,   483,   104,   503,
          307, 29880, 34423,    59,  1485,   797,    59,  1668,   797,
           59,  7109,  1358,     7,     5,    22,     8,     5,    61,
          518,   324,    38,   266,    52,     6,  1662,    26,    11,
          187,   191,    53,     7,     5,    22,     8,     5,    13,
           11,   401,   158,   294,  2236,    17,     7,     5,    22,
            8,     5,    55,     7,     5,    16,   151,     1,     1,
            1,     1,     1,     1,     1,     1,     1,     1,     1,
            1,     1,     1,     1,     1,     1,     1,     1,     1,
            1,     1,     1,     1,     1,     1,     1,     1,     1,
            1,     1,     1,     1,     1,     1,     1,     1,     1,
            1,     1,     1,     1,     1,     1,     1,     1,     1,
            1,     1,     1,     1,     1,     1,     1,     1,     1,
            1,     1,     1,     1,     1,     1,     1,     1,     1,
            1,     1,     1,     1,     1,     1,     1,     1,     1,
            1,     1,     1,     1,     1,     1,     1,     1,     1,
            1,     1,     1,     1,     1,     1,     1,     1,     1,
            1,     1,     1,     1,     1,     1,     1,     1,     1,
            1,     1,     1,     1,     1,     1,     1,     1,     1,
            1,     1,     1,     1,     1,     1,     1,     1,     1,
            1,     1,     1,     1,     1,     1,     1,     1,     1,
            1,     1,     1,     1,     1,     1,     1,     1,     1,
            1,     1,     1,     1,     1,     1,     1,     1,     1,
            1,     1,     1,     1,     1,     1,     1,     1,     1,
            1,     1,     1,     1,     1,     1,     1,     1,     1,
            1,     1,     1,     1,     1,     1,     1,     1,     1,
            1,     1,     1,     1,     1,     1,     1,     1,     1,
            1,     1,     1,     1,     1,     1,     1,     1,     1,
            1,     1,     1,     1,     1,     1,     1,     1,     1,
            1,     1,     1,     1,     1,     1,     1,     1,     1,
            1,     1,     1,     1,     1,     1,     1,     1,     1,
            1,     1,     1,     1,     1,     1,     1,     1,     1,
            1,     1,     1,     1,     1,     1,     1,     1,     1,
            1,     1,     1,     1,     1,     1,     1,     1,     1,
            1,     1,     1,     1,     1,     1,     1,     1,     1,
            1,     1,     1,     1,     1,     1,     1,     1,     1,
            1,     1,     1,     1,     1,     1,     1,     1,     1,
            1,     1,     1,     1],
       [50000,   223,   223, 50001,   791,  1811,   167,   223, 50002,
          132,  1353,   498,   820,  1515, 50003,    69,   903,   525,
         1176, 50004,   101,  7507,   125,  1012,   188,    36,   305,
        22618,  1668,   525,   790,  1780,   991,    32,    69,   105,
        50005,   790,  1742,   789,    74,  1918,  1705,   132,   791,
        50001,   903,   525,  1176,    23,    11,  1780,   991,    61,
           10,    31,    39,   208,     6,    15,     7,     5,    24,
          305,   180,  1419,  1688,    30, 50006,    10,    53,   127,
          230,  1589,   113,   230,   206,   188,    75,  7507,    90,
           69,  1487,  1176,    77,   438,    57,    36,  2215,    90,
            8,     5,   224, 50007,    57, 50008, 41856,    20, 50007,
          154, 50009,    11, 50010,   154, 50009,    11,   529,   211,
           10,   125, 26730,  1919,  6095,   202,  1644,   535, 50008,
          154, 50007,    11,  1780,   991,  5790,    78, 50007,   154,
        50008,  1780,   991,  1706,     7,     5,  1322,    49,    56,
           69,  1794,   438,    57,  1044,  2215,  1829,   647,    69,
         2191,  1598,  3231,   677,    69,   803,    82,   812,    74,
         4915,  3841,    15,     6,     8,     5,   677,    69,   803,
           10,  1142,   242,    17,     8,     5,    82,   161,    15,
           33,   535,    78,   456,    21, 50010,   402,  1091,  1896,
          130,   124,   101,    35,   701,    28,     8,     5,   689,
          647,    69,  2191,  1598,     7,     5,   127,   224,   994,
            6,  1220,    53,    11,    68,   803,    15,    23,    11,
           68,  4915,  3841,  6011,   306,  1523,     9,    27,   439,
           58,   647,    69,  2191,  1598,   677,    69,   803,     7,
          298,    69,  3399,  7185,  2633,    43,    69,   105,   942,
          587,   333,     6,    34,     9,    43,     8,     5,    20,
         2633,   333,    34,     9,     8,     5,  3841,   306,    63,
         1935, 13117,   305, 22618,  1668,   525,  1176,    14,    20,
         1780,   991,    90,     7,     5,    59,   257,   127,   224,
          994,     6,  1220,    34,     9,   105,    23,    27,    23,
           27,  4138,     8,     5,    43,  1016,   222,    14,   111,
          776,    11,  1780,   133,    34,     6,   105,     7,     5,
         1016,   222,    23,    10,   525,  1780,    46,   125,    23,
           11,  1780,     8,     5,   335,   903,   525,  1176,  1780,
         1016,   917,   125,    25,    43,    15,     7,     5,    94,
          108,     9,   511,    46,   803,    15,   931,   382,     6,
           15,   931,    38,    58,   966,     6,     8,     5,  5031,
          183,     8,     5,    12,   628, 11023,     9,    60,   305,
         1217, 50001,    23,    10,   111,    87,  1394,     7,     5,
           40,    10,    11,   199,    45,    10,    36,     6,   145,
          225,   405,    23,    10,    17,     8,     5,  1766,   225,
          145,    63,  1780,   991,   626,    20,     8,     5,    33,
         1766,  2522,   145,   903,   525,  1176,   626,   124,   332,
         1780,   991,     7,     5,    40,    10,   111,   125,    20,
         1780,    72,    20,    15,     8,     5,   118,   118,    55,
            7,     5,    16,   151],
       [50000, 50001,  5453, 50002,    30,   416,    21,    31,   114,
           11,   659,   244,     7,     5,  1105,   441,  2590,  1293,
           81,  2323,    69,     8,     5,    37,     8,     5,    87,
           13,     8,     5,    13,   416,    16,    59,     8,     5,
           37,     7,     5,    19, 50003,   478,   201, 13119,    59,
          802,   254,    59,     9,    93,     8,     5,    19,    75,
           37,     7,     5,  5747,     6,    41,     8,     5,   629,
          132,   550,  5453,     7,     5,   107,   522,   760,  1293,
           81,     8,     5,    75,    37, 14739,  9014,     8,     5,
           49,   311,   150,    31,     8,     5,     7,     5,   311,
          150,     8,     5,    25,    51,     9,  1696,    80,     7,
            5,    37,     8,     5,    37,     8,     5,    13,    30,
           79,    38,    12,     6,    16,   122,     7,     5,    19,
           10,  1350,    46,   126,     7,     7,     5,  1143,    46,
          163,   567,     8,     5,  2844,   254,    12,   203,     6,
           41,  3130,    49,    44,     7,     5,    19,    49,   192,
          126,  1166,    88,  1380, 17949,     6,   471,     7,     5,
           27,    56,  3786,   219,     8,     5,   192,     9,   633,
        17949,     6,   304,    19,     5,     6,   192,   332,     8,
            5,   148,    23,    16,   128,    21,   208,     1,     1,
            1,     1,     1,     1,     1,     1,     1,     1,     1,
            1,     1,     1,     1,     1,     1,     1,     1,     1,
            1,     1,     1,     1,     1,     1,     1,     1,     1,
            1,     1,     1,     1,     1,     1,     1,     1,     1,
            1,     1,     1,     1,     1,     1,     1,     1,     1,
            1,     1,     1,     1,     1,     1,     1,     1,     1,
            1,     1,     1,     1,     1,     1,     1,     1,     1,
            1,     1,     1,     1,     1,     1,     1,     1,     1,
            1,     1,     1,     1,     1,     1,     1,     1,     1,
            1,     1,     1,     1,     1,     1,     1,     1,     1,
            1,     1,     1,     1,     1,     1,     1,     1,     1,
            1,     1,     1,     1,     1,     1,     1,     1,     1,
            1,     1,     1,     1,     1,     1,     1,     1,     1,
            1,     1,     1,     1,     1,     1,     1,     1,     1,
            1,     1,     1,     1,     1,     1,     1,     1,     1,
            1,     1,     1,     1,     1,     1,     1,     1,     1,
            1,     1,     1,     1,     1,     1,     1,     1,     1,
            1,     1,     1,     1,     1,     1,     1,     1,     1,
            1,     1,     1,     1,     1,     1,     1,     1,     1,
            1,     1,     1,     1,     1,     1,     1,     1,     1,
            1,     1,     1,     1,     1,     1,     1,     1,     1,
            1,     1,     1,     1,     1,     1,     1,     1,     1,
            1,     1,     1,     1,     1,     1,     1,     1,     1,
            1,     1,     1,     1,     1,     1,     1,     1,     1,
            1,     1,     1,     1,     1,     1,     1,     1,     1,
            1,     1,     1,     1,     1,     1,     1,     1,     1,
            1,     1,     1,     1]])>, 
'article_oovs': <tf.Tensor: id=120, shape=(4, 11), dtype=string, numpy=
array([[b'Q1', b'GL', b'\xe9\x87\x8d\xe9\x80\x89', b'', b'', b'', b'',
        b'', b'', b'', b''],
       [b'Q2', b'M', b'ML500', b'\xe5\xa4\xaa\xe5\xa4\xa7\xe4\xbc\xa0',
        b'', b'', b'', b'', b'', b'', b''],
       [b'Q3', b'X1', b'X12011', b'6L45', b'PRND', b'12L', b'N46', b'N',
        b'D', b'R', b'P'],
       [b'Q4', b'Jeep', b'30V6', b'\xe5\x85\x88\xe6\x8b\x93', b'', b'',
        b'', b'', b'', b'', b'']], dtype=object)>,
'enc_len': <tf.Tensor: id=122, shape=(4,), dtype=int32, numpy=array([137, 142, 418, 178])>, 
'article': <tf.Tensor: id=119, shape=(4,), dtype=string, numpy=
array([b'Q1 \xe5\xa5\x94\xe9\xa9\xb0 \xe5\xa5\x94\xe9\xa9\xb0 GL \xe7\xba\xa7 \xe6\x96\xb9\xe5\x90\x91\xe6\x9c\xba \xe9\x87\x8d \xe5\x8a\xa9\xe5\x8a\x9b \xe6\xb3\xb5 \xe6\x96\xb9\xe5\x90\x91\xe6\x9c\xba \xe9\x83\xbd \xe6\x8d\xa2 \xe4\xba\x86 \xe8\xbf\x98\xe6\x98\xaf \xe4\xb8\x80\xe6\xa0\xb7 \xe6\x8a\x80\xe5\xb8\x88 \xe8\xaf\xb4 \xe8\xaf\xad\xe9\x9f\xb3 \xe8\xbd\xa6\xe4\xb8\xbb \xe8\xaf\xb4 \xe6\x96\xb0 \xe7\x9a\x84 \xe9\x83\xbd \xe6\x8d\xa2 \xe4\xba\x86 \xe8\xbd\xa6\xe4\xb8\xbb \xe8\xaf\xb4 \xe5\x8a\xa9\xe5\x8a\x9b \xe6\xb3\xb5 \xe6\x96\xb9\xe5\x90\x91\xe6\x9c\xba \xe6\x8a\x80\xe5\xb8\x88 \xe8\xaf\xb4 \xe8\xaf\xad\xe9\x9f\xb3 \xe8\xbd\xa6\xe4\xb8\xbb \xe8\xaf\xb4\xe6\x8d\xa2 \xe4\xba\x86 \xe6\x96\xb9\xe5\x90\x91\xe6\x9c\xba \xe5\xb8\xa6 \xe7\x9a\x84 \xe6\x9c\x89 \xe8\xbd\xa6\xe4\xb8\xbb \xe8\xaf\xb4 \xe5\x9b\xbe\xe7\x89\x87 \xe6\x8a\x80\xe5\xb8\x88 \xe8\xaf\xb4 \xe8\xaf\xad\xe9\x9f\xb3 \xe8\xbd\xa6\xe4\xb8\xbb \xe8\xaf\xb4 \xe6\x9c\x89 \xe5\x8a\xa9\xe5\x8a\x9b \xe5\xb0\xb1\xe6\x98\xaf \xe9\x87\x8d \xe8\xbf\x99\xe8\xbd\xa6 \xe8\xa6\x81 \xe5\x8c\xb9\xe9\x85\x8d \xe5\x90\xa7 \xe6\x8a\x80\xe5\xb8\x88 \xe8\xaf\xb4 \xe4\xb8\x8d \xe9\x9c\x80\xe8\xa6\x81 \xe6\x8a\x80\xe5\xb8\x88 \xe8\xaf\xb4 \xe4\xbd\xa0 \xe8\xbf\x99 \xe6\x98\xaf \xe6\x9b\xb4\xe6\x8d\xa2 \xe7\x9a\x84 \xe9\x83\xa8\xe4\xbb\xb6 \xe6\x9c\x89 \xe9\x97\xae\xe9\xa2\x98 \xe8\xbd\xa6\xe4\xb8\xbb \xe8\xaf\xb4 \xe8\xb7\x91 \xe5\xbf\xab \xe4\xba\x86 \xe8\xbf\x98\xe5\xa5\xbd \xe7\x82\xb9 \xe5\xb0\xb1 \xe5\x80\x92\xe8\xbd\xa6 \xe9\x87\x8d \xe7\x9a\x84 \xe5\xbe\x88 \xe6\x8a\x80\xe5\xb8\x88 \xe8\xaf\xb4 \xe6\x98\xaf \xe9\x9d\x9e\xe5\xb8\xb8 \xe9\x87\x8d \xe5\x90\x97 \xe8\xbd\xa6\xe4\xb8\xbb \xe8\xaf\xb4 \xe6\x98\xaf \xe7\x9a\x84 \xe7\xb4\xaf\xe4\xba\xba \xe6\x8a\x80\xe5\xb8\x88 \xe8\xaf\xb4 \xe8\xaf\xad\xe9\x9f\xb3 \xe8\xbd\xa6\xe4\xb8\xbb \xe8\xaf\xb4 \xe6\x88\x91 \xe8\xa7\x89\xe5\xbe\x97 \xe4\xb9\x9f \xe6\x98\xaf \xe5\x8f\xaf\xe6\x98\xaf \xe8\xbd\xa6\xe4\xb8\xbb \xe6\x98\xaf \xe4\xbb\xa5\xe5\x89\x8d \xe6\xb2\xa1 \xe8\xbf\x99\xe4\xb9\x88 \xe9\x87\x8d\xe9\x80\x89 \xe5\x90\xa7 \xe5\x8a\xa9\xe7\x90\x86 \xe6\xb3\xb5 \xe6\x8d\xa2 \xe4\xba\x86 \xe4\xb8\x8d\xe8\xa1\x8c \xe5\x8f\x88 \xe6\x8a\x8a \xe6\x94\xbe \xe5\x90\x91 \xe6\x9c\xba\xe6\x8d\xa2 \xe4\xba\x86 \xe7\x8e\xb0\xe5\x9c\xa8 \xe8\xbf\x98 \xe8\xbf\x99\xe6\xa0\xb7 \xe5\xb0\xb1 \xe4\xb8\x8d \xe7\x9f\xa5\xe9\x81\x93 \xe5\x92\x8b \xe5\x92\x8c \xe8\xbd\xa6\xe4\xb8\xbb \xe8\xa7\xa3\xe9\x87\x8a \xe6\x8a\x80\xe5\xb8\x88 \xe8\xaf\xb4 \xe8\xaf\xad\xe9\x9f\xb3 \xe6\x8a\x80\xe5\xb8\x88 \xe8\xaf\xb4 \xe8\xaf\xad\xe9\x9f\xb3',
       b'Q2 \xe5\xa5\x94\xe9\xa9\xb0 \xe5\xa5\x94\xe9\xa9\xb0 M \xe7\xba\xa7 \xe5\xa5\x94\xe9\xa9\xb0 ML500 \xe6\x8e\x92\xe6\xb0\x94 \xe5\x87\xb8\xe8\xbd\xae\xe8\xbd\xb4 \xe8\xb0\x83\xe8\x8a\x82 \xe9\x94\x99\xe8\xaf\xaf \xe6\x8a\x80\xe5\xb8\x88 \xe8\xaf\xb4 \xe4\xbd\xa0 \xe8\xbf\x99\xe4\xb8\xaa \xe6\x9c\x89\xe6\xb2\xa1\xe6\x9c\x89 \xe7\x94\xb5\xe8\x84\x91 \xe6\xa3\x80\xe6\xb5\x8b \xe6\x95\x85\xe9\x9a\x9c \xe4\xbb\xa3\xe7\xa0\x81 \xe8\xbd\xa6\xe4\xb8\xbb \xe8\xaf\xb4 \xe6\x9c\x89 \xe6\x8a\x80\xe5\xb8\x88 \xe8\xaf\xb4\xe5\x8f\x91 \xe4\xb8\x80\xe4\xb8\x8b \xe8\xbd\xa6\xe4\xb8\xbb \xe8\xaf\xb4 \xe5\x8f\x91\xe5\x8a\xa8\xe6\x9c\xba \xe4\xb9\x8b\xe5\x89\x8d \xe4\xba\xae \xe6\x95\x85\xe9\x9a\x9c \xe7\x81\xaf \xe6\x98\xbe\xe7\xa4\xba \xe6\x98\xaf \xe5\xa4\xb1\xe7\x81\xab \xe6\x9c\x89\xe7\x82\xb9 \xe7\xbc\xba\xe7\xbc\xb8 \xe7\x8e\xb0\xe5\x9c\xa8 \xe5\x8f\x88 \xe6\xb2\xa1\xe6\x9c\x89 \xe6\x95\x85\xe9\x9a\x9c \xe5\x8f\x91\xe5\x8a\xa8\xe6\x9c\xba \xe5\xa4\x9a\xe5\xb0\x91 \xe6\x9c\x89\xe7\x82\xb9 \xe6\x8a\x96\xe5\x8a\xa8 \xe6\xa3\x80\xe6\x9f\xa5 \xe5\x85\x88\xe5\x89\x8d \xe7\x9a\x84 \xe6\x95\x85\xe9\x9a\x9c \xe6\x98\xaf \xe6\x8a\xa5 \xe8\xbf\x99\xe4\xb8\xaa \xe6\x95\x85\xe9\x9a\x9c \xe8\xbd\xa6\xe4\xb8\xbb \xe8\xaf\xb4 \xe7\xa8\x8d \xe7\xad\x89 \xe8\xbd\xa6\xe4\xb8\xbb \xe8\xaf\xb4 \xe6\x98\xbe\xe7\xa4\xba \xe5\x9b\xbe\xe7\x89\x87 \xe5\xa4\xaa\xe5\xa4\xa7\xe4\xbc\xa0 \xe4\xb8\x8d\xe4\xba\x86 \xe6\x8a\x80\xe5\xb8\x88 \xe8\xaf\xb4 \xe8\xaf\xad\xe9\x9f\xb3 \xe8\xbd\xa6\xe4\xb8\xbb \xe8\xaf\xb4 \xe8\xbf\x99\xe4\xb8\xaa \xe5\xaf\xb9 \xe5\x8f\x91\xe5\x8a\xa8\xe6\x9c\xba \xe7\x9a\x84 \xe6\x8a\x96\xe5\x8a\xa8 \xe5\xa4\xb1\xe7\x81\xab \xe7\xbc\xba\xe7\xbc\xb8 \xe6\x9c\x89 \xe7\x9b\xb4\xe6\x8e\xa5 \xe8\x81\x94\xe7\xb3\xbb \xe5\x90\x97 \xe6\x8a\x80\xe5\xb8\x88 \xe8\xaf\xb4 \xe8\xaf\xad\xe9\x9f\xb3 \xe8\xbd\xa6\xe4\xb8\xbb \xe8\xaf\xb4 \xe8\xbf\x98\xe6\x9c\x89 \xe5\xb0\xb1\xe6\x98\xaf \xe6\x8a\xa5 \xe5\xb7\xa6\xe5\x8f\xb3 \xe6\x8e\x92\xe6\xb0\x94 \xe5\x87\xb8\xe8\xbd\xae\xe8\xbd\xb4 \xe4\xbd\x9c\xe5\x8a\xa8 \xe7\x94\xb5\xe7\xa3\x81\xe9\x93\x81 \xe5\xaf\xb9 \xe6\xad\xa3\xe6\x9e\x81 \xe7\x9f\xad\xe8\xb7\xaf \xe5\xaf\xb9 \xe5\x9c\xb0 \xe7\x9f\xad\xe8\xb7\xaf \xe5\xaf\xb9 \xe5\xaf\xbc\xe7\xba\xbf \xe6\x96\xad\xe8\xb7\xaf \xe6\x8a\x80\xe5\xb8\x88 \xe8\xaf\xb4 \xe8\xaf\xad\xe9\x9f\xb3 \xe8\xbd\xa6\xe4\xb8\xbb \xe8\xaf\xb4 \xe8\xbf\x99 \xe5\x87\xa0\xe4\xb8\xaa \xe7\x94\xb5\xe7\xa3\x81\xe9\x98\x80 \xe5\x92\x8c \xe9\x97\xae \xe6\x82\xa8 \xe7\x9a\x84 \xe7\xac\xac\xe4\xb8\x80\xe4\xb8\xaa \xe6\x95\x85\xe9\x9a\x9c \xe6\x9c\x89 \xe7\x9b\xb4\xe6\x8e\xa5 \xe5\x85\xb3\xe7\xb3\xbb \xe5\x90\xa7 \xe6\x8a\x80\xe5\xb8\x88 \xe8\xaf\xb4 \xe8\xaf\xad\xe9\x9f\xb3 \xe8\xbd\xa6\xe4\xb8\xbb \xe8\xaf\xb4 \xe8\xbf\x99\xe4\xb8\xaa \xe6\x9c\x89 \xe5\x8a\x9e\xe6\xb3\x95 \xe6\xa3\x80\xe6\xb5\x8b \xe5\xae\x83 \xe5\xa5\xbd\xe5\x9d\x8f \xe5\x90\x97 \xe6\x8a\x80\xe5\xb8\x88 \xe8\xaf\xb4 \xe8\xaf\xad\xe9\x9f\xb3 \xe8\xbd\xa6\xe4\xb8\xbb \xe8\xaf\xb4 \xe8\xb0\xa2\xe8\xb0\xa2 \xe6\x8a\x80\xe5\xb8\x88 \xe8\xaf\xb4 \xe4\xb8\x8d \xe5\xae\xa2\xe6\xb0\x94',
       b'Q3 \xe5\xae\x9d\xe9\xa9\xac \xe5\xae\x9d\xe9\xa9\xac X1 \xe8\xbf\x9b\xe5\x8f\xa3 2010 \xe6\xac\xbe \xe5\xae\x9d\xe9\xa9\xac X12011 \xe5\xb9\xb4 \xe5\x87\xba\xe5\x8e\x82 20 \xe6\x8e\x92\xe9\x87\x8f \xe9\x80\x9a\xe7\x94\xa8 6L45 \xe5\x8f\x98\xe9\x80\x9f\xe7\xae\xb1 \xe5\x8e\x9f\xe5\x9c\xb0 \xe6\x8d\xa2\xe6\x8c\xa1 \xe4\xbd\x8d PRND \xe8\xbd\xa6\xe8\xbe\x86 \xe9\x97\xaf\xe5\x8a\xa8 \xe8\xa1\x8c\xe9\xa9\xb6 \xe5\x8d\x87\xe9\x99\x8d \xe6\xa1\xa3 \xe6\xad\xa3\xe5\xb8\xb8 4 \xe8\xbd\xae\xe7\xa6\xbb \xe5\x9c\xb0 \xe6\x8d\xa2\xe6\x8c\xa1 \xe6\x97\xa0 \xe5\x86\xb2\xe5\x87\xbb \xe6\x84\x9f \xe6\x9b\xb4\xe6\x8d\xa2 \xe5\x8f\x98\xe9\x80\x9f\xe7\xae\xb1 \xe6\xb2\xb9 12L \xe6\x97\xa0 \xe6\x94\xb9\xe5\x8f\x98 \xe8\xaf\x95 \xe8\xbf\x87 \xe4\xb8\x80\xe8\xbe\x86 2014 \xe5\xb9\xb4 \xe8\xbf\x9b\xe5\x8f\xa3 X1 \xe5\x8e\x9f\xe5\x9c\xb0 \xe6\x8d\xa2\xe6\x8c\xa1 \xe4\xbd\x8d \xe4\xb9\x9f \xe6\x9c\x89 \xe5\x86\xb2\xe5\x87\xbb \xe6\x84\x9f \xe8\xbf\x99 \xe6\x98\xaf \xe4\xbb\x80\xe4\xb9\x88 \xe6\x83\x85\xe5\x86\xb5 \xe5\x93\xaa\xe9\x87\x8c \xe7\x9a\x84 \xe9\x97\xae\xe9\xa2\x98 \xe6\x8a\x80\xe5\xb8\x88 \xe8\xaf\xb4 \xe4\xbd\xa0\xe5\xa5\xbd 4 \xe7\xbc\xb8 \xe8\x87\xaa\xe7\x84\xb6 \xe5\x90\xb8\xe6\xb0\x94 \xe5\x8f\x91\xe5\x8a\xa8\xe6\x9c\xba N46 \xe6\x98\xaf \xe5\x90\xa7 \xe5\x85\x88 \xe6\x8c\x82 \xe7\xa9\xba\xe6\xa1\xa3 \xe5\x86\x8d \xe6\x8c\x82 \xe5\x85\xb6\xe4\xbb\x96 \xe6\xa1\xa3 \xe6\x9c\x89\xe6\xb2\xa1\xe6\x9c\x89 \xe9\x97\xaf\xe5\x8a\xa8 \xe5\x91\xa2 \xe5\x8f\x98\xe9\x80\x9f\xe7\xae\xb1 \xe6\xb2\xb9\xe6\xb6\xb2 \xe4\xbd\x8d \xe6\x98\xaf\xe5\x90\xa6 \xe8\xb0\x83\xe6\x95\xb4 \xe5\x88\xb0 \xe6\xad\xa3\xe5\xb8\xb8 \xe6\xb6\xb2\xe4\xbd\x8d \xe5\x91\xa2 \xe8\xbd\xa6\xe4\xb8\xbb \xe8\xaf\xb4 \xe4\xbb\x8e N \xe5\x88\xb0 D \xe8\xbf\x9b\xe6\x9c\xac \xe6\xb2\xa1\xe6\x9c\x89 N - R \xe6\x9c\x89 P - R \xe6\x9c\x89 \xe6\x9c\x80 \xe4\xb8\xbb\xe8\xa6\x81 \xe6\x98\xaf \xe8\xa1\x8c\xe9\xa9\xb6 \xe4\xb8\xad\xe5\x88\xb0 \xe7\xba\xa2\xe7\xbb\xbf\xe7\x81\xaf \xe8\xb7\xaf\xe5\x8f\xa3 \xe7\xad\x89 \xe7\xba\xa2\xe7\x81\xaf \xe5\x81\x9c\xe8\xbd\xa6 D - N \xe6\x9c\x89 \xe5\x86\xb2\xe5\x87\xbb \xe6\x84\x9f \xe7\xbb\xbf\xe7\x81\xaf \xe5\x90\x8e N - D \xe5\x86\xb2\xe5\x87\xbb \xe6\x84\x9f \xe5\xbe\x88\xe5\xb0\x8f \xe6\x8a\x80\xe5\xb8\x88 \xe8\xaf\xb4 \xe7\xac\xac\xe4\xb8\x80 \xe8\xa6\x81 \xe6\x8a\x8a \xe5\x8f\x98\xe9\x80\x9f\xe7\xae\xb1 \xe6\xb2\xb9\xe4\xbd\x8d \xe8\xb0\x83\xe6\x95\xb4 \xe5\x88\xb0 \xe6\xa0\x87\xe5\x87\x86 \xe6\xb6\xb2\xe4\xbd\x8d \xe7\xac\xac\xe4\xba\x8c \xe6\xb8\x85\xe9\x99\xa4 \xe5\x8f\x98\xe9\x80\x9f\xe7\xae\xb1 \xe9\x80\x82\xe5\xba\x94 \xe5\x80\xbc \xe7\xac\xac\xe4\xb8\x89 \xe5\x8d\x87\xe7\xba\xa7 \xe5\x8f\x98\xe9\x80\x9f\xe7\xae\xb1 \xe7\xa8\x8b\xe5\xba\x8f \xe8\xbf\x98\xe6\x9c\x89 \xe9\x81\x87\xe5\x88\xb0 \xe8\xbf\x87 \xe6\xb6\xb2\xe5\x8a\x9b \xe5\x8f\x98\xe7\x9f\xa9\xe5\x99\xa8 \xe9\x97\xae\xe9\xa2\x98 \xe7\x9a\x84 \xe8\xbd\xa6\xe4\xb8\xbb \xe8\xaf\xb4 \xe5\x8d\x87\xe7\xba\xa7 \xe5\x8f\x98\xe9\x80\x9f\xe7\xae\xb1 \xe7\xa8\x8b\xe5\xba\x8f \xe6\x98\xaf \xe5\x88\xb7 \xe6\xa8\xa1\xe5\x9d\x97 \xe5\x90\x97 \xe8\xbd\xa6\xe4\xb8\xbb \xe8\xaf\xb4 \xe8\xbf\x98\xe6\x9c\x89 \xe4\xb8\xaa \xe9\x97\xae\xe9\xa2\x98 \xe5\xb0\xb1\xe6\x98\xaf \xe5\x81\x9c\xe8\xbd\xa6 \xe5\x90\x8e \xe6\xa1\xa3\xe4\xbd\x8d \xe5\x9c\xa8 P \xe6\x8c\xa1 \xe6\x9d\xbe\xe5\xbc\x80 \xe5\x88\xb9\xe8\xbd\xa6\xe8\xb8\x8f\xe6\x9d\xbf \xe6\x97\xb6 \xe6\x84\x9f\xe8\xa7\x89 \xe8\xbd\xa6\xe8\xbe\x86 \xe4\xbc\x9a \xe5\x8a\xa8 \xe4\xb8\x80\xe4\xb8\x8b \xe8\xbd\xa6\xe4\xb8\xbb \xe8\xaf\xb4 \xe6\x80\x8e\xe6\xa0\xb7 \xe6\xb8\x85\xe9\x99\xa4 \xe5\x8f\x98\xe9\x80\x9f\xe7\xae\xb1 \xe9\x80\x82\xe5\xba\x94 \xe5\x80\xbc \xe6\x8a\x80\xe5\xb8\x88 \xe8\xaf\xb4 \xe5\x85\x88 \xe4\xbb\x8e \xe7\xae\x80\xe5\x8d\x95 \xe7\x9a\x84 \xe6\x8e\x92\xe6\x9f\xa5 \xe5\x90\xa7 \xe6\x9c\x89 \xe5\x8f\xaf\xe8\x83\xbd \xe7\xa8\x8b\xe5\xba\x8f \xe9\x97\xae\xe9\xa2\x98 \xe4\xb9\x9f \xe6\x9c\x89 \xe5\x8f\xaf\xe8\x83\xbd \xe6\xb6\xb2\xe5\x8a\x9b \xe5\x8f\x98\xe7\x9f\xa9\xe5\x99\xa8 \xe8\xbd\xb4\xe5\xa4\xb4 \xe7\xa3\xa8\xe6\x8d\x9f \xe6\xb3\x84\xe5\x8e\x8b \xe4\xba\x86 \xe9\x9c\x80\xe8\xa6\x81 \xe4\xb8\x93\xe7\x94\xa8 \xe7\x94\xb5\xe8\x84\x91 \xe6\xb8\x85\xe9\x99\xa4 \xe5\x8f\x98\xe9\x80\x9f\xe7\xae\xb1 \xe9\x80\x82\xe5\xba\x94 \xe5\x80\xbc \xe5\x8d\x87\xe7\xba\xa7 \xe5\x8f\x98\xe9\x80\x9f\xe7\xae\xb1 \xe7\xa8\x8b\xe5\xba\x8f \xe6\x8a\x80\xe5\xb8\x88 \xe8\xaf\xb4\xe6\x8d\xa2 \xe5\x8f\x98\xe9\x80\x9f\xe7\xae\xb1 \xe6\xb2\xb9\xe6\x9c\x89 \xe7\x84\xa6\xe7\xb3\x8a \xe5\x91\xb3 \xe6\xb2\xa1 \xe5\x8f\x98\xe9\x80\x9f\xe7\xae\xb1 \xe6\xb2\xb9 \xe5\xba\x95\xe5\xa3\xb3 \xe5\xb8\xa6 \xe6\xbb\xa4\xe8\x8a\xaf \xe7\x9a\x84 \xe6\x8d\xa2 \xe4\xba\x86 \xe6\xb2\xa1 \xe8\xbd\xa6\xe4\xb8\xbb \xe8\xaf\xb4 \xe6\xb2\xa1\xe6\x9c\x89 \xe5\x91\xb3 \xe6\xbb\xa4\xe8\x8a\xaf \xe6\x8d\xa2 \xe4\xba\x86 \xe8\xbd\xa6\xe4\xb8\xbb \xe8\xaf\xb4 \xe5\x8f\x98\xe7\x9f\xa9\xe5\x99\xa8 \xe7\xa3\xa8\xe6\x8d\x9f \xe7\x9a\x84\xe8\xaf\x9d \xe8\xbd\xa6\xe5\x86\xb5 \xe4\xb8\x8a\xe6\x9e\xb6 4 \xe8\xbd\xae\xe7\xa6\xbb \xe5\x9c\xb0 \xe6\x8d\xa2\xe6\x8c\xa1 \xe4\xbd\x8d \xe5\xb0\xb1 \xe6\xb2\xa1\xe6\x9c\x89 \xe5\x86\xb2\xe5\x87\xbb \xe6\x84\x9f \xe5\x91\xa2 \xe6\x8a\x80\xe5\xb8\x88 \xe8\xaf\xb4 \xe5\xaf\xb9 \xe6\x89\x80\xe4\xbb\xa5 \xe5\x85\x88 \xe4\xbb\x8e \xe7\xae\x80\xe5\x8d\x95 \xe7\x9a\x84 \xe6\x8e\x92\xe6\x9f\xa5 \xe6\x8d\xa2 \xe4\xba\x86 \xe6\xb2\xb9 \xe4\xb9\x9f \xe9\x9c\x80\xe8\xa6\x81 \xe4\xb9\x9f \xe9\x9c\x80\xe8\xa6\x81 \xe9\x87\x8d\xe6\x96\xb0\xe5\xad\xa6\xe4\xb9\xa0 \xe8\xbd\xa6\xe4\xb8\xbb \xe8\xaf\xb4 \xe6\xb2\xa1 \xe6\x8d\xa2\xe6\xb2\xb9 \xe4\xb9\x8b\xe5\x89\x8d \xe5\xb0\xb1 \xe8\xbf\x99\xe6\xa0\xb7 \xe6\x98\xaf\xe5\x9b\xa0\xe4\xb8\xba \xe6\x9c\x89 \xe5\x86\xb2\xe5\x87\xbb \xe6\x89\x8d \xe6\x8d\xa2 \xe7\x9a\x84 \xe6\xb2\xb9 \xe6\x8a\x80\xe5\xb8\x88 \xe8\xaf\xb4 \xe6\x8d\xa2\xe6\xb2\xb9 \xe4\xb9\x8b\xe5\x89\x8d \xe4\xb9\x9f \xe6\x98\xaf \xe6\x8d\xa2\xe6\x8c\xa1 \xe5\x86\xb2\xe5\x87\xbb \xe8\xbf\x98\xe6\x98\xaf \xe8\xa1\x8c\xe9\xa9\xb6 \xe4\xb9\x9f \xe6\x9c\x89 \xe5\x86\xb2\xe5\x87\xbb \xe8\xbd\xa6\xe4\xb8\xbb \xe8\xaf\xb4 \xe5\x8f\xaa\xe6\x98\xaf \xe5\x8e\x9f\xe5\x9c\xb0 \xe6\x8d\xa2\xe6\x8c\xa1 \xe4\xbd\x8d \xe5\x86\xb2\xe5\x87\xbb \xe6\x8d\xa2\xe6\xb2\xb9 \xe5\x89\x8d\xe5\x90\x8e \xe8\xa1\x8c\xe9\xa9\xb6 \xe9\x83\xbd \xe6\xb2\xa1 \xe9\x97\xae\xe9\xa2\x98 \xe6\x8a\x80\xe5\xb8\x88 \xe8\xaf\xb4 \xe5\xa4\x9a\xe5\xb0\x91 \xe5\x85\xac\xe9\x87\x8c \xe4\xba\x86 \xe4\xbc\xb0\xe8\xae\xa1 \xe8\xbf\x98\xe6\x98\xaf \xe7\xa8\x8b\xe5\xba\x8f \xe9\x97\xae\xe9\xa2\x98 \xe9\x98\x80\xe4\xbd\x93 \xe9\x87\x8c \xe7\x9a\x84 \xe9\x97\xae\xe9\xa2\x98 \xe9\x98\x80\xe4\xbd\x93 \xe5\x92\x8c \xe7\x94\xb5\xe8\x84\x91 \xe4\xb8\x80\xe4\xbd\x93 \xe7\x9a\x84 \xe8\xbd\xa6\xe4\xb8\xbb \xe8\xaf\xb4 93 \xe4\xb8\x87\xe5\x85\xac\xe9\x87\x8c \xe8\xbd\xa6\xe4\xb8\xbb \xe8\xaf\xb4 \xe6\x88\x91 \xe6\x98\xa8\xe5\xa4\xa9 \xe5\x8e\xbb\xe8\xaf\x95 \xe4\xba\x86 \xe4\xb8\x80\xe4\xb8\xaa 4 \xe4\xb8\x87\xe5\xa4\x9a\xe5\x85\xac\xe9\x87\x8c X1 \xe4\xb9\x9f \xe6\x98\xaf \xe8\xbf\x99\xe6\xa0\xb7 \xe6\x98\xaf\xe4\xb8\x8d\xe6\x98\xaf \xe9\x80\x9a\xe7\x97\x85 \xe6\x8a\x80\xe5\xb8\x88 \xe8\xaf\xb4 \xe5\xa6\x82\xe6\x9e\x9c \xe6\x98\xaf \xe6\x9c\x89 \xe4\xb8\x80\xe7\x82\xb9 \xe9\x82\xa3 \xe6\x98\xaf \xe6\xad\xa3\xe5\xb8\xb8 \xe7\x9a\x84 \xe5\x88\xb9\xe8\xbd\xa6 \xe8\xb8\xa9 \xe9\x87\x8d\xe7\x82\xb9 \xe4\xb9\x9f \xe6\x98\xaf \xe5\x90\x97 \xe8\xbd\xa6\xe4\xb8\xbb \xe8\xaf\xb4 \xe7\x94\xa8\xe5\x8a\x9b \xe8\xb8\xa9 \xe5\x88\xb9\xe8\xbd\xa6 \xe7\x9a\x84\xe8\xaf\x9d \xe5\x86\xb2\xe5\x87\xbb \xe6\x84\x9f \xe5\x9f\xba\xe6\x9c\xac \xe6\xb2\xa1\xe6\x9c\x89 \xe8\xbd\xa6\xe4\xb8\xbb \xe8\xaf\xb4 \xe5\xb0\xb1\xe6\x98\xaf \xe7\x94\xa8\xe5\x8a\x9b \xe8\xb8\xa9\xe4\xbd\x8f \xe5\x88\xb9\xe8\xbd\xa6 \xe5\x8e\x9f\xe5\x9c\xb0 \xe6\x8d\xa2\xe6\x8c\xa1 \xe4\xbd\x8d \xe5\x9f\xba\xe6\x9c\xac \xe6\x84\x9f\xe8\xa7\x89 \xe4\xb8\x8d\xe5\x88\xb0 \xe5\x86\xb2\xe5\x87\xbb \xe6\x84\x9f \xe6\x8a\x80\xe5\xb8\x88 \xe8\xaf\xb4 \xe5\xa6\x82\xe6\x9e\x9c \xe6\x98\xaf \xe8\xbf\x99\xe6\xa0\xb7 \xe8\xa1\x8c\xe9\xa9\xb6 \xe6\xb2\xa1\xe6\x9c\x89 \xe5\x86\xb2\xe5\x87\xbb \xe5\xba\x94\xe8\xaf\xa5 \xe6\xb2\xa1\xe6\x9c\x89 \xe9\x97\xae\xe9\xa2\x98 \xe8\xbd\xa6\xe4\xb8\xbb \xe8\xaf\xb4 \xe5\x93\xa6 \xe5\x93\xa6 \xe8\xb0\xa2\xe8\xb0\xa2 \xe6\x8a\x80\xe5\xb8\x88 \xe8\xaf\xb4 \xe4\xb8\x8d \xe5\xae\xa2\xe6\xb0\x94',
       b'Q4 Jeep \xe7\x89\xa7\xe9\xa9\xac\xe4\xba\xba 30V6 \xe5\x8f\x91\xe5\x8a\xa8\xe6\x9c\xba \xe5\x8f\xb7 \xe5\x9c\xa8 \xe4\xbb\x80\xe4\xb9\x88 \xe4\xbd\x8d\xe7\xbd\xae \xe6\x9c\x89 \xe7\x85\xa7\xe7\x89\x87 \xe6\x9c\x80\xe5\xa5\xbd \xe6\x8a\x80\xe5\xb8\x88 \xe8\xaf\xb4 \xe5\x8f\xb3\xe4\xbe\xa7 \xe6\x8e\x92\xe6\xb0\x94\xe7\xae\xa1 \xe4\xb8\x8a\xe6\x96\xb9 \xe7\xbc\xb8\xe4\xbd\x93 \xe4\xb8\x8a \xe9\x9d\xa0\xe8\xbf\x91 \xe5\x8f\x98\xe9\x80\x9f\xe7\xae\xb1 \xe8\xbd\xa6\xe4\xb8\xbb \xe8\xaf\xb4 \xe5\x9b\xbe\xe7\x89\x87 \xe8\xbd\xa6\xe4\xb8\xbb \xe8\xaf\xb4 \xe6\x98\xaf\xe4\xb8\x8d\xe6\x98\xaf \xe8\xbf\x99\xe4\xb8\xaa \xe8\xbd\xa6\xe4\xb8\xbb \xe8\xaf\xb4 \xe8\xbf\x99\xe4\xb8\xaa \xe5\x8f\xb7 \xe4\xb8\x8d \xe5\xaf\xb9 \xe8\xbd\xa6\xe4\xb8\xbb \xe8\xaf\xb4 \xe5\x9b\xbe\xe7\x89\x87 \xe6\x8a\x80\xe5\xb8\x88 \xe8\xaf\xb4 \xe4\xbd\xa0 \xe5\x85\x88\xe6\x8b\x93 \xe4\xb8\x8b\xe6\x9d\xa5 \xe8\xb7\x9f \xe8\xa1\x8c\xe8\xbd\xa6\xe8\xaf\x81 \xe5\xaf\xb9 \xe4\xb8\x8b\xe8\xbd\xa6 \xe4\xb8\xbb\xe8\xaf\xb4 \xe5\xaf\xb9 \xe4\xba\x86 \xe4\xb8\x8d\xe6\x98\xaf \xe8\xbd\xa6\xe4\xb8\xbb \xe8\xaf\xb4 \xe4\xbd\xa0 \xe6\x9c\x89\xe6\xb2\xa1\xe6\x9c\x89 \xe5\x9b\xbe\xe7\x89\x87 \xe6\x8a\x80\xe5\xb8\x88 \xe8\xaf\xb4 \xe9\x82\xa3\xe5\xb9\xb4 \xe7\x9a\x84 \xe8\xbd\xa6 \xe8\xbd\xa6\xe4\xb8\xbb \xe8\xaf\xb4 14 \xe5\xb9\xb4 30 \xe7\x89\xa7\xe9\xa9\xac\xe4\xba\xba \xe6\x8a\x80\xe5\xb8\x88 \xe8\xaf\xb4 \xe5\x81\x9a \xe5\x89\x8d\xe8\xbd\xae \xe8\xbf\x99\xe8\xbe\xb9 \xe7\xbc\xb8\xe4\xbd\x93 \xe4\xb8\x8a \xe8\xbd\xa6\xe4\xb8\xbb \xe8\xaf\xb4 \xe6\x9c\x89\xe6\xb2\xa1\xe6\x9c\x89 \xe5\x9b\xbe\xe7\x89\x87 \xe7\x94\xbb\xe4\xb8\xaa \xe5\x9c\x88\xe5\x9c\x88 \xe8\xbd\xa6\xe4\xb8\xbb \xe8\xaf\xb4 \xe8\xa6\x81 \xe4\xb8\x8d\xe8\xa6\x81 \xe6\x8b\x86 \xe4\xbb\x80\xe4\xb9\x88 \xe8\xbd\xa6\xe4\xb8\xbb \xe8\xaf\xb4 \xe6\x8a\x80\xe5\xb8\x88 \xe8\xaf\xb4 \xe4\xb8\x8d\xe8\xa6\x81 \xe6\x8b\x86 \xe8\xbd\xa6\xe4\xb8\xbb \xe8\xaf\xb4 \xe9\x83\xbd \xe7\x9c\x8b \xe4\xba\x86 \xe7\x9c\x8b\xe4\xb8\x8d\xe5\x88\xb0 \xe5\x95\x8a \xe6\x8a\x80\xe5\xb8\x88 \xe8\xaf\xb4 \xe5\x9b\xbe\xe7\x89\x87 \xe8\xbd\xa6\xe4\xb8\xbb \xe8\xaf\xb4 \xe5\x9b\xbe\xe7\x89\x87 \xe8\xbd\xa6\xe4\xb8\xbb \xe8\xaf\xb4 \xe8\xbf\x99\xe4\xb8\xaa \xe5\x8f\x91\xe5\x8a\xa8\xe6\x9c\xba \xe6\x80\x8e\xe4\xb9\x88 \xe5\x92\x8c \xe6\x88\x91 \xe7\x9a\x84 \xe4\xb8\x8d \xe4\xb8\x80\xe6\xa0\xb7 \xe6\x8a\x80\xe5\xb8\x88 \xe8\xaf\xb4 \xe4\xbd\xa0 \xe6\x98\xaf \xe5\xae\xa2\xe6\x88\xb7 \xe8\xbf\x98\xe6\x98\xaf \xe7\xbb\xb4\xe4\xbf\xae \xe6\x8a\x80\xe5\xb8\x88 \xe6\x8a\x80\xe5\xb8\x88 \xe8\xaf\xb4 \xe6\x9f\xb4\xe6\xb2\xb9 \xe8\xbf\x98\xe6\x98\xaf \xe6\xb1\xbd\xe6\xb2\xb9 \xe7\x89\x88 \xe8\xbd\xa6\xe4\xb8\xbb \xe8\xaf\xb4 \xe6\xb1\xbd\xe6\xb2\xb9\xe8\xbd\xa6 \xe4\xb8\xbb\xe8\xaf\xb4 \xe6\x88\x91 \xe8\x87\xaa\xe5\xb7\xb1 \xe7\x9a\x84 \xe8\xbd\xa6 \xe8\xbf\x87\xe6\x88\xb7 \xe8\xa6\x81 \xe7\x94\xa8 \xe6\x8a\x80\xe5\xb8\x88 \xe8\xaf\xb4 \xe4\xbd\xa0 \xe8\xa6\x81 \xe6\x89\xbe \xe7\xbb\xb4\xe4\xbf\xae \xe4\xba\xba\xe5\x91\x98 \xe6\x88\x96\xe8\x80\x85 \xe4\xb8\x93\xe9\x97\xa8 \xe6\x8b\x93\xe5\x8f\xb7 \xe7\x9a\x84 \xe4\xba\xba \xe6\x8a\x80\xe5\xb8\x88 \xe8\xaf\xb4 \xe9\x9c\x80\xe8\xa6\x81 \xe6\x8a\x8a \xe8\xbd\xa6\xe5\x8d\x87 \xe8\xb5\xb7\xe6\x9d\xa5 \xe8\xbd\xa6\xe4\xb8\xbb \xe8\xaf\xb4 \xe6\x89\xbe \xe4\xba\x86 \xe4\xb8\x93\xe4\xb8\x9a \xe6\x8b\x93\xe5\x8f\xb7 \xe7\x9a\x84 \xe6\x8c\x89 \xe4\xbd\xa0 \xe8\xaf\xb4 \xe7\x9a\x84 \xe6\x89\xbe \xe4\xb8\x8d\xe5\x88\xb0 \xe8\xbd\xa6\xe4\xb8\xbb \xe8\xaf\xb4 \xe4\xbb\x96 \xe4\xb9\x9f \xe4\xb8\x8d \xe7\x9f\xa5\xe9\x81\x93 \xe5\x9c\xa8 \xe5\x93\xaa\xe9\x87\x8c'],
      dtype=object)>, 
 'max_oov_len': <tf.Tensor: id=124, shape=(), dtype=int32, numpy=11>}
 
 
 
 
 <class 'dict'>: {'dec_input': <tf.Tensor: id=126, shape=(4, 50), dtype=int32, numpy=
array([[   2,  635,  554,    1,    1,    1,    1,    1,    1,    1,    1,
           1,    1,    1,    1,    1,    1,    1,    1,    1,    1,    1,
           1,    1,    1,    1,    1,    1,    1,    1,    1,    1,    1,
           1,    1,    1,    1,    1,    1,    1,    1,    1,    1,    1,
           1,    1,    1,    1,    1,    1],
       [   2,  635,  554,    1,    1,    1,    1,    1,    1,    1,    1,
           1,    1,    1,    1,    1,    1,    1,    1,    1,    1,    1,
           1,    1,    1,    1,    1,    1,    1,    1,    1,    1,    1,
           1,    1,    1,    1,    1,    1,    1,    1,    1,    1,    1,
           1,    1,    1,    1,    1,    1],
       [   2,  125,   20,  601,    6,  124,  903,  525,   11, 7507,  145,
         225, 1173,   20,   61,   10, 2465,    6, 3380,    6,  805,   72,
          20,   15,    1,    1,    1,    1,    1,    1,    1,    1,    1,
           1,    1,    1,    1,    1,    1,    1,    1,    1,    1,    1,
           1,    1,    1,    1,    1,    1],
       [   2, 5288,  101,   21,  530,  522,  760,    6, 1293,   81,    1,
           1,    1,    1,    1,    1,    1,    1,    1,    1,    1,    1,
           1,    1,    1,    1,    1,    1,    1,    1,    1,    1,    1,
           1,    1,    1,    1,    1,    1,    1,    1,    1,    1,    1,
           1,    1,    1,    1,    1,    1]])>, 'dec_target': <tf.Tensor: id=128, shape=(4, 50), dtype=int32, numpy=
array([[ 635,  554,    3,    1,    1,    1,    1,    1,    1,    1,    1,
           1,    1,    1,    1,    1,    1,    1,    1,    1,    1,    1,
           1,    1,    1,    1,    1,    1,    1,    1,    1,    1,    1,
           1,    1,    1,    1,    1,    1,    1,    1,    1,    1,    1,
           1,    1,    1,    1,    1,    1],
       [ 635,  554,    3,    1,    1,    1,    1,    1,    1,    1,    1,
           1,    1,    1,    1,    1,    1,    1,    1,    1,    1,    1,
           1,    1,    1,    1,    1,    1,    1,    1,    1,    1,    1,
           1,    1,    1,    1,    1,    1,    1,    1,    1,    1,    1,
           1,    1,    1,    1,    1,    1],
       [ 125,   20,  601,    6,  124,  903,  525,   11, 7507,  145,  225,
        1173,   20,   61,   10, 2465,    6, 3380,    6,  805,   72,   20,
          15,    3,    1,    1,    1,    1,    1,    1,    1,    1,    1,
           1,    1,    1,    1,    1,    1,    1,    1,    1,    1,    1,
           1,    1,    1,    1,    1,    1],
       [5288,  101,   21,  530,  522,  760,    6, 1293,   81,    3,    1,
           1,    1,    1,    1,    1,    1,    1,    1,    1,    1,    1,
           1,    1,    1,    1,    1,    1,    1,    1,    1,    1,    1,
           1,    1,    1,    1,    1,    1,    1,    1,    1,    1,    1,
           1,    1,    1,    1,    1,    1]])>, 
'dec_len': <tf.Tensor: id=127, shape=(4,), dtype=int32, numpy=array([ 3,  3, 24, 10])>, 
'abstract': <tf.Tensor: id=125, shape=(4,), dtype=string, numpy=
array([b'\xe9\x9a\x8f\xe6\x97\xb6 \xe8\x81\x94\xe7\xb3\xbb',
       b'\xe9\x9a\x8f\xe6\x97\xb6 \xe8\x81\x94\xe7\xb3\xbb',
       b'\xe8\xa1\x8c\xe9\xa9\xb6 \xe6\xb2\xa1\xe6\x9c\x89 \xe9\xa1\xbf\xe6\x8c\xab \xe7\x9a\x84 \xe6\x84\x9f\xe8\xa7\x89 \xe5\x8e\x9f\xe5\x9c\xb0 \xe6\x8d\xa2\xe6\x8c\xa1 \xe6\x9c\x89 \xe9\x97\xaf\xe5\x8a\xa8 \xe5\x88\xb9\xe8\xbd\xa6 \xe8\xb8\xa9 \xe9\x87\x8d \xe6\xb2\xa1\xe6\x9c\x89 \xe8\xbf\x99 \xe6\x98\xaf \xe5\x8a\x9b \xe7\x9a\x84 \xe9\x99\x90\xe5\x88\xb6 \xe7\x9a\x84 \xe4\xbd\x9c\xe7\x94\xa8 \xe5\xba\x94\xe8\xaf\xa5 \xe6\xb2\xa1\xe6\x9c\x89 \xe9\x97\xae\xe9\xa2\x98',
       b'\xe4\xb8\xbe\xe8\xb5\xb7 \xe8\xbd\xa6\xe8\xbe\x86 \xe5\x9c\xa8 \xe5\xb7\xa6 \xe5\x89\x8d\xe8\xbd\xae \xe8\xbf\x99\xe8\xbe\xb9 \xe7\x9a\x84 \xe7\xbc\xb8\xe4\xbd\x93 \xe4\xb8\x8a'],
      dtype=object)>}